83 
67 
103 
102 
0 
0 
0 
2 
0 
1 
3 
112 
110 
111 
0 
0 
0 
3 
0 
0 
0 
0 
63 
-128 
0 
0 
64 
0 
0 
0 
0 
0 
0 
3 
0 
0 
0 
0 
0 
0 
0 
0 
0 
0 
0 
0 
0 
0 
0 
3 
4 
102 
114 
101 
113 
0 
0 
0 
0 
3 
118 
111 
108 
0 
0 
0 
1 
3 
107 
101 
121 
0 
0 
0 
2 
0 
0 
0 
3 
7 
67 
111 
110 
116 
114 
111 
108 
1 
0 
0 
0 
0 
0 
0 
0 
3 
0 
0 
1 
1 
1 
7 
80 
108 
97 
121 
66 
117 
102 
2 
0 
0 
0 
6 
0 
0 
0 
1 
0 
0 
-1 
-1 
-1 
-1 
0 
0 
0 
0 
-1 
-1 
-1 
-1 
0 
0 
0 
1 
-1 
-1 
-1 
-1 
0 
0 
0 
1 
-1 
-1 
-1 
-1 
0 
0 
0 
0 
-1 
-1 
-1 
-1 
0 
0 
0 
0 
-1 
-1 
-1 
-1 
0 
0 
0 
2 
2 
3 
79 
117 
116 
2 
0 
0 
0 
2 
0 
0 
0 
0 
0 
0 
-1 
-1 
-1 
-1 
0 
0 
0 
0 
0 
0 
0 
1 
0 
0 
0 
0 
0 
0 
